Batch : batch_02
Approach : Friend 4 (algorithmic)
Projects evaluated : 10

Project                  |   TP   TN   FP   FN |   Prec    Rec     F1    Acc
----------------------------------------------------------------------------
01_timer                 |    2    3    0    0 |  1.000  1.000  1.000  1.000
02_counter               |    2    4    0    0 |  1.000  1.000  1.000  1.000
03_minmax                |    4    0    0    0 |  1.000  1.000  1.000  1.000
04_checksum              |    3    0    0    0 |  1.000  1.000  1.000  1.000
05_tokenizer             |    2    2    0    0 |  1.000  1.000  1.000  1.000
06_bitset                |    2    3    0    0 |  1.000  1.000  1.000  1.000
07_search                |    3    1    0    0 |  1.000  1.000  1.000  1.000
08_stats                 |    3    1    0    0 |  1.000  1.000  1.000  1.000
09_moving_avg            |    2    2    0    0 |  1.000  1.000  1.000  1.000
10_clamp                 |    4    0    0    0 |  1.000  1.000  1.000  1.000
----------------------------------------------------------------------------

Avg F1 (algorithmic) : 1.000
