Batch : batch_05
Approach : Friend 4 (algorithmic)
Projects evaluated : 10

Project                  |   TP   TN   FP   FN |   Prec    Rec     F1    Acc
----------------------------------------------------------------------------
01_retry                 |    2    3    0    0 |  1.000  1.000  1.000  1.000
02_circuit_breaker       |    2    4    0    0 |  1.000  1.000  1.000  1.000
03_leaky_bucket          |    3    2    0    0 |  1.000  1.000  1.000  1.000
04_conn_pool             |    2    3    0    0 |  1.000  1.000  1.000  1.000
05_event_bus             |    2    4    0    0 |  1.000  1.000  1.000  1.000
06_ini_parser            |    2    2    0    0 |  1.000  1.000  1.000  1.000
07_log_rotate            |    2    4    0    0 |  1.000  1.000  1.000  1.000
08_cache                 |    2    3    0    0 |  1.000  1.000  1.000  1.000
09_pubsub                |    2    4    0    0 |  1.000  1.000  1.000  1.000
10_middleware            |    2    5    0    0 |  1.000  1.000  1.000  1.000
----------------------------------------------------------------------------

Avg F1 (algorithmic) : 1.000
