Batch : batch_03
Approach : Friend 4 (algorithmic)
Projects evaluated : 10

Project                  |   TP   TN   FP   FN |   Prec    Rec     F1    Acc
----------------------------------------------------------------------------
01_pool                  |    2    3    0    0 |  1.000  1.000  1.000  1.000
02_ringbuf2              |    2    4    0    0 |  1.000  1.000  1.000  1.000
03_hashmap               |    3    3    0    0 |  1.000  1.000  1.000  1.000
04_deque                 |    2    4    0    0 |  1.000  1.000  1.000  1.000
05_prefix_sum            |    2    0    0    2 |  1.000  0.500  0.667  0.500
06_sliding_window        |    3    1    0    0 |  1.000  1.000  1.000  1.000
07_strbuf                |    2    4    0    0 |  1.000  1.000  1.000  1.000
08_median                |    4    1    0    0 |  1.000  1.000  1.000  1.000
09_scheduler             |    2    3    0    0 |  1.000  1.000  1.000  1.000
10_debounce              |    2    2    0    0 |  1.000  1.000  1.000  1.000
----------------------------------------------------------------------------

Avg F1 (algorithmic) : 0.967
