Batch : batch_04
Approach : Friend 4 (algorithmic)
Projects evaluated : 10

Project                  |   TP   TN   FP   FN |   Prec    Rec     F1    Acc
----------------------------------------------------------------------------
01_base64                |    2    1    0    0 |  1.000  1.000  1.000  1.000
02_utf8                  |    2    2    0    0 |  1.000  1.000  1.000  1.000
03_varint                |    2    2    0    0 |  1.000  1.000  1.000  1.000
04_bloom                 |    2    4    0    0 |  1.000  1.000  1.000  1.000
05_trie                  |    2    1    0    1 |  1.000  0.667  0.800  0.750
06_dfa                   |    2    3    0    0 |  1.000  1.000  1.000  1.000
07_json_writer           |    2    4    0    0 |  1.000  1.000  1.000  1.000
08_csv                   |    3    1    0    0 |  1.000  1.000  1.000  1.000
09_argparse              |    2    3    0    0 |  1.000  1.000  1.000  1.000
10_env                   |    2    3    0    0 |  1.000  1.000  1.000  1.000
----------------------------------------------------------------------------

Avg F1 (algorithmic) : 0.980
