Batch : batch_01
Approach : Friend 4 (algorithmic)
Projects evaluated : 10

Project                  |   TP   TN   FP   FN |   Prec    Rec     F1    Acc
----------------------------------------------------------------------------
01_simple_calc           |    2    2    0    0 |  1.000  1.000  1.000  1.000
02_string_utils          |    4    1    0    0 |  1.000  1.000  1.000  1.000
03_linked_list           |    3    1    0    0 |  1.000  1.000  1.000  1.000
04_task_manager          |    4    6    0    0 |  1.000  1.000  1.000  1.000
05_matrix_ops            |    7    1    0    0 |  1.000  1.000  1.000  1.000
06_event_counter         |    2    2    0    0 |  1.000  1.000  1.000  1.000
07_stack                 |    3    3    0    0 |  1.000  1.000  1.000  1.000
08_config_parser         |    3    4    0    0 |  1.000  1.000  1.000  1.000
09_graph                 |    4    2    0    0 |  1.000  1.000  1.000  1.000
10_ring_buffer           |    4    3    0    0 |  1.000  1.000  1.000  1.000
----------------------------------------------------------------------------

Avg F1 (algorithmic) : 1.000
